5607 8402 4673 4929 2024-05-21 87848712 Transfer 12.0
5607 8402 4673 4929 2024-05-21 31888114 Transfer 12.0
5607 8402 4673 4929 2024-05-21 93940483 Transfer 341.0
5607 8402 4673 4929 2024-05-21 51207858 Transfer 12.0
5607 8402 4673 4929 2024-05-22 29799725 Transfer 123.0
5607 8402 4673 4929 2024-05-22 52497072 Transfer 100.0
5607 8402 4673 4929 2024-05-22 35879527 Transfer 100.0
5607 8402 4673 4929 2024-05-22 64190217 Transfer 50.0
5607 8402 4673 4929 2024-05-22 66151108 Transfer 50.0
5607 8402 4673 4929 2024-05-22 96624541 Transfer 1000.0
